(0,0)

______________________________
|0||3||6||19||50||37||16||29|
______________________________
|7||20||1||4||17||30||43||36|
______________________________
|2||5||18||49||38||51||28||15|
______________________________
|21||8||59||52||31||42||35||44|
______________________________
|58||63||56||41||48||39||14||27|
______________________________
|9||22||53||60||55||32||45||34|
______________________________
|62||57||24||11||40||47||26||13|
______________________________
|23||10||61||54||25||12||33||46|
______________________________


(2,5)

______________________________
|45||50||29||14||43||18||1||16|
______________________________
|30||13||44||49||28||15||36||19|
______________________________
|51||46||31||42||35||0||17||2|
______________________________
|12||63||58||53||48||27||20||37|
______________________________
|57||52||47||32||41||34||3||26|
______________________________
|8||11||62||59||54||23||38||21|
______________________________
|61||56||9||6||33||40||25||4|
______________________________
|10||7||60||55||24||5||22||39|
______________________________


(7,7)

______________________________
|6||9||22||27||48||11||50||29|
______________________________
|23||26||7||10||21||28||47||12|
______________________________
|8||5||24||33||40||49||30||51|
______________________________
|25||60||39||20||31||44||13||46|
______________________________
|4||19||32||59||34||41||52||43|
______________________________
|63||58||61||38||55||36||45||14|
______________________________
|18||3||56||35||16||1||42||53|
______________________________
|57||62||17||2||37||54||15||0|
______________________________


(5,6)

______________________________
|7||10||23||28||47||12||49||30|
______________________________
|24||27||8||11||22||29||46||13|
______________________________
|9||6||25||34||43||48||31||50|
______________________________
|26||63||42||21||32||55||14||45|
______________________________
|5||20||33||56||35||44||51||38|
______________________________
|60||57||62||41||54||37||0||15|
______________________________
|19||4||59||36||17||2||39||52|
______________________________
|58||61||18||3||40||53||16||1|
______________________________


